92 94 97 98 97
26 27 28 31 33 34 37 37
56 59 60 61 62 65 69
42 44 46 48 55
5 4 3 2 1 2
65 63 60 59 59
96 95 93 92 89 87 85 81
67 66 65 62 60 57 56 49
61 64 66 69 70 68
68 71 72 75 76 76
4 5 6 9 13
1 4 7 8 10 11 16
47 46 45 44 46
93 92 90 87 85 82 80 80
32 29 27 26 25 22 19 15
22 21 18 17 14 12 6
78 79 82 85 88 85
49 50 52 54 54
55 56 57 59 63
35 38 41 44 45 47 49 55
56 54 53 52 51 48 47 48
20 17 16 14 11 9 9
25 23 20 17 15 13 9
78 77 75 72 69 62
89 88 85 84 82 81 79 75
261